-109.27
-115.468
-113.765
-125.025
-124.47
-122.253
-131.975
-139.949
-129.183
-138.941
-137.345
-135.904
-131.801
-132.965
-137.706
-118.155
-135.191
-152.018
-143.592
-134.783
-146.337
-138.167
-129.044
-139.568
-134.22
-144.112
-136.728
-145.702
-141.919
-152.519
-146.904
-149.848
-162.093
-143.726
-139.14
-152.192
-128.012
-158.926
-161.17
-129.837
-144.576
-144.307
-151.311
-161.043
-153.359
-151.824
-135.451
-157.917
-143.446
-148.191
-164.739
-154.531
-131.603
-154.182
-167.662
-142.297
-146.781
-147.237
-154.398
-140.085
-140.428
-149.391
-137.115
-142.597
-155.036
-166.442
-148.213
-141.974
-137.958
-116.842
-146.447
-140.356
-122.592
-134.752
-130.929
-136.384
-134.005
-130.166
-97.0041
-149.73
-125.2
-96.0903
-132.002
-94.4612
-137.671
-112.705
-145.459
-135.037
-164.107
-150.669
-145.512
-148.725
-141.828
-153.665
-155.104
-147.697
-138.839
-154.496
-152.138
-139.933
-127.84
-142.323
-157.934
-128.874
-113.131
-148.222
-146.911
-142.705
-159.282
-138.54
-153.367
-120.268
-138.405
-143.434
-131.645
-129.606
-143.262
-145.754
-139.296
-145.6
-124.695
-127.092
-147.861
-146.597
-154.979
-145.091
-146.881
-137.947
-136.588
-138.695
-152.848
-144.267
-152.637
-132.754
-131.824
-133.041
-127.36
-116.314
-131.233
-99.7532
-135.993
-134.774
-139.585
-126.14
-129.679
-101.049
-135.997
-119.748
-134.676
-104.006
-114.793
-128.729
-150.025
-137.713
-143.177
-129.327
-101.818
-132.287
-133.883
-140.147
-125.884
-122.398
-136.775
-139.03
-155.782
-128.88
-121.374
-148.803
-143.194
-151.309
-135.881
-150.421
-143.748
-136.1
-142.365
-108.552
-144.638
-149.038
-99.8452
-131.908
-135.607
-121.368
-115.447
-99.3649
-134.062
-102.664
-122.586
-110.432
-133.131
-88.7867
-123.677
-111.179
-99.1023
-152.315
-133.669
-102.548
-128.196
-114.633
-138.565
-144.815
-128.419
-125.01
-101.674
-129.184
-118.221
-132.361
-137.204
-138.959
-145.945
-109.001
-135.467
-143.459
-122.223
-111.427
-141.88
-144.799
-105.32
-99.0231
-120.501
-144.793
-84.1984
-118.145
-127.515
-108.238
-112.63
-97.1412
-83.3439
-137.102
-126.869
-141.703
-121.843
-142.82
-133.505
-120.576
-148.75
-143.232
-133.069
-125.883
-135.831
-83.2508
-134.552
-144.448
-128.715
-139.384
-118.676
-118.678
-146.131
-130.616
-142.916
-120.695
-133.457
-135.856
-148.859
-128.758
-91.1807
-133.792
-133.463
-137.596
-100.671
-107.33
-140.971
-147.064
-93.0513
-134.314
-150.929
-144.331
-148.662
-131.918
-127.073
-129.63
-136.519
-73.9434
-141.813
-104.829
-141.384
-131.831
-98.2256
-141.433
-126.546
-157.222
-169.35
-134.254
-141.33
-149.445
-121.514
-128.283
-134.173
-138.272
-125.029
-142.325
-135.403
-131.798
-123.941
-139.374
-116.259
-137.742
-135.226
-147.013
-154.28
-155.46
-129.983
-145.304
-134.482
-129.743
-142.469
-130.923
-144.877
-149.992
-121.423
-132.762
-128.389
-140.361
-141.359
-139.093
-146.472
-164.546
-155.986
-147.493
-153.685
-160.574
-137.113
-140.005
-163.134
-139.157
-150.507
-165.118
-146.539
-163.072
-159.954
-132.779
-162.291
-155.058
-151.499
-155.626
-141.701
-161.913
-149.445
-150.033
-137.918
-130.947
-136.443
-149.792
-121.495
-160.014
-154.216
-135.686
-122.433
-148.382
-141.795
-138.964
-136.477
-137.837
-131.275
-138.963
-136.939
-134.614
-144.875
-144.858
-172.222
-161.898
-135.121
-107.874
-152.405
-144.888
-121.216
-148.245
-108.094
-149.038
-118.854
-130.993
-142.429
-132.764
-137.617
-133.664
-127.82
-138.934
-143.866
-144.129
-143.309
-141.982
-149.29
-134.976
-125.269
-141.337
-134.834
-126.429
-146.45
-135.34
-135.559
-147.085
-128.11
-128.426
-127.683
-125.506
-131.772
-140.51
-156.587
-113.94
-143.674
-133.93
-151.097
-145.027
-128.117
-129.23
-138.845
-128.098
-136.525
-140.043
-140.54
-140.294
-127.393
-97.9065
-146.156
-128.839
-117.164
-150.543
-154.372
-153.649
-146.87
-142.828
-122.554
-131.255
-128.271
-138.1
-141.235
-141.839
-145.334
-128.436
-115.047
-120.437
-149.125
-114.823
-145.521
-127.643
-136.127
-131.995
-126.287
-118.715
-146.632
-143.608
-129.84
-138.904
-127.776
-144.394
-154.149
-147.456
-149.807
-142.565
-139.43
-142.656
-172.386
-147.981
-147.496
-114.84
-126.842
-151.706
-112.274
-125.483
-66.0815
-100.758
-133.337
-139.835
-151.767
-136.208
-130.191
-143.101
-106.846
-141.759
-140.282
-137.747
-148.161
-149.853
-154.104
-132.709
-142.108
-149.239
-132.577
-157.006
-122.597
-124.882
-104.276
-109.446
-117.361
-137.163
-143.346
-143.006
-102.824
-140.502
-133.633
-104.871
-99.5037
-96.0267
-99.4187
-128.098
-74.6081
-141.733
-128.068
-140.354
-113.923
-131.865
-136.115
-138.427
-137.261
-134.803
-141.259
-125.292
-141.62
-147.441
-124.882
-152.855
-135.448
-147.28
-137.654
-153.751
-132.921
-147.202
-157.704
-146.294
-115.334
-148.36
-147.144
-135.688
-154.134
-113.757
-132.383
-149.684
-134.814
-147.254
-143.127
-132.211
-142.051
-138.736
-135.297
-143.985
-137.462
-130.389
-138.152
-144.584
-156.41
-128.636
-144.999
-131.236
-140.841
-128.006
-127.23
-134.178
-144.708
-139.237
-151.124
-148.409
-145.144
-146.763
-126.198
-149.069
-137.554
-151.769
-151.96
-152.993
-138.859
-136.118
-161.727
-134.792
-149.304
-151.42
-159.614
-143.428
-153.029
-146.74
-139.811
-145.654
-152.88
-157.365
-155.464
-140.907
-139.727
-130.844
-144.2
-138.429
-145.08
-150.519
-143.608
-130.956
-121.746
-136.915
-135.834
-110.439
-127.999
-138.695
-133.178
-144.005
-134.308
-147.87
-144.691
-136.103
-155.253
-163.495
-138.594
-141.398
-147.893
-138.662
-152.346
-152.584
-159.432
-150.923
-155.714
-152.41
-140.256
-132.002
-136.474
-152.721
-139.984
-145.973
-127.865
-144.476
-138.369
-127.104
-148.261
-143.407
-127.843
-128.736
-154.889
-113.849
-135.333
-141.047
-139.64
-137.286
-128.37
-154.873
-140.78
-131.648
-136.986
-133.447
-146.568
-143.805
-159.075
-143.322
-130.833
-149.957
-135.023
-118.45
-136.751
-149.297
-121.244
-117.988
-144.614
-142.603
-128.783
-146.876
-132.256
-137.892
-127.255
-143.182
-148.389
-128.605
-139.443
-131.01
-151.569
-136.614
-128.015
-131.254
-151.671
-149.781
-137.343
-153.587
-114.208
-137.567
-133.6
-136.307
-139.075
-159.261
-148.955
-136.316
-142.044
-150.439
-107.2
-148.652
-129.468
-145.963
-145.281
-140.949
-147.682
-131.47
-147.923
-159.095
-132.081
-113.369
-126.15
-139.193
-152.358
-130.693
-139.161
-147.322
-140.794
-135.756
-152.706
-134.462
-143.685
-133.59
-142.114
-131.251
-134.299
-131.531
-134.775
-135.663
-164.022
-135.82
-139.557
-136.929
-141.383
-132.502
-134.368
-155.604
-110.061
-157.405
-142.0
-133.828
-126.507
-134.056
-66.4313
-149.985
-142.269
-146.631
-121.699
-122.61
-147.377
-150.701
-134.081
-161.59
-165.245
-158.263
-156.004
-152.684
-151.147
-141.26
-147.955
-153.94
-141.797
-168.944
-157.372
-152.338
-132.067
-136.805
-144.754
-141.204
-154.522
-142.345
-125.235
-128.419
-129.643
-124.614
-127.303
-147.189
-142.451
-108.058
-140.25
-132.568
-121.934
-137.432
-101.942
-139.146
-133.682
-142.826
-134.67
-120.175
-123.877
-143.236
-117.075
-147.906
-137.927
-133.214
-142.695
-125.525
-142.341
-146.468
-143.418
-147.214
-122.187
-142.884
-134.26
-139.75
-140.74
-155.211
-106.542
-138.264
-132.331
-98.1181
-143.986
-137.189
-140.471
-129.17
-101.985
-122.254
-148.053
-111.845
-144.439
-128.053
-147.266
-131.082
-131.505
-139.546
-137.838
-141.638
-142.28
-127.078
-118.383
-140.34
-133.26
-97.2797
-133.212
-144.161
-124.519
-135.419
-129.31
-148.658
-110.907
-134.019
-153.392
-137.594
-142.518
-129.612
-128.268
-132.55
-127.455
-130.709
-141.361
-130.453
-135.05
-137.543
-124.901
-137.943
-138.356
-137.549
-125.824
-139.274
-130.607
-129.472
-133.139
-145.072
-141.174
-148.936
-121.901
-136.852
-139.734
-133.593
-140.743
-139.675
-137.564
-146.26
-138.718
-133.2
-135.808
-129.723
-131.696
-104.38
-153.98
-148.8
-137.818
-144.823
-148.43
-136.001
-121.154
-121.683
-144.207
-124.707
-126.993
-125.17
-135.884
-149.444
-144.322
-139.606
-135.448
-155.168
-149.88
-137.618
-140.893
-136.953
-140.454
-145.631
-136.201
-154.717
-144.128
-155.472
-149.917
-139.05
-136.76
-156.612
-164.412
-152.479
-137.589
-141.352
-158.776
-154.701
-139.544
-154.635
-153.805
-145.35
-143.085
-154.117
-160.446
-145.116
-152.356
-150.642
-152.186
-122.108
-150.761
-131.454
-142.403
-135.294
-138.595
-149.646
-152.831
-153.915
-156.76
-147.295
-147.973
-136.943
-152.282
-146.494
-141.603
-143.613
-150.661
-153.221
-158.197
-139.44
-146.875
-160.438
-130.619
-133.613
-145.285
-140.742
-124.358
-145.382
-125.635
-138.246
-133.494
-146.149
-138.902
-139.309
-139.161
-161.521
-141.384
-146.993
-143.43
-138.884
-157.775
-140.73
-144.057
-154.008
-169.172
-154.795
-146.463
-162.443
-131.533
-124.403
-156.417
-144.984
-140.369
-166.161
-158.895
-145.303
-148.316
-130.65
-152.612
-155.718
-143.459
-143.531
-135.403
-147.448
-149.034
-147.539
-112.804
-122.071
-149.5
-144.982
-105.837
-151.94
-138.544
-136.977
-125.295
-136.664
-148.901
-142.176
-148.63
-150.292
-135.253
-126.663
-136.179
-127.748
-144.746
-121.204
-143.82
-118.57
-146.768
-125.82
-140.907
-147.841
-131.303
-111.978
-139.775
-128.1
